1000010000100001000010000
0000010000100001000010000
0000000000100001000010000
0000000000000001000010000
0100001000010000100001000
0000001000010000100001000
0000000000010000100001000
0000000000000000100001000
0010000100001000010000100
0000000100001000010000100
0000000000001000010000100
0000000000000000010000100
0001000010000100001000010
0000000010000100001000010
0000000000000100001000010
0000000000000000001000010
0000100001000010000100001
0000000001000010000100001
0000000000000010000100001
0000000000000000000100001
1000010000100001000000000
1000010000100000000000000
1000010000000000000000000
0100001000010000100000000
0100001000010000000000000
0100001000000000000000000
0010000100001000010000000
0010000100001000000000000
0010000100000000000000000
0001000010000000000000000
0001000010000100000000000
0001000010000100001000000
0000100001000010000100000
0000100001000010000000000
0000100001000000000000000
1000000000100001000010000
0000010000000001000010000
0000001000000000100001000
0100000000010000100001000
1000000000100001000000000
0100000000010000100000000
0010000000001000010000000
0000000100000000010000100
0010000000001000010000100
0000000010000000001000010
0001000000000100001000010
0000100000000010000100001
0000000001000000000100001
1111100100001000010011111
1111101000010000100011111
1111100010000100001011111
0111100010000100001001111
1111001000010000100011110
1110001000010000100011100
0111000100001000010001110
0011100010000100001000111
1111111111001001111111111
1111111111011101111111111