1000010000100001000011111
1000010000100001000011110
1000010000100001000011100
1000010000100001000011000
0000010000100001000011111
0000000000100001000011111
0000000000000001000011000
0000000000000000100001100
0000000000000000010000110
0000000000000000001000011
0000000000100001100000000
0000000000010000110000000
0000000000001000011000000
0000000000000100001100000
0000010000110000000000000
0000001000011000000000000
0000000100001100000000000
0000000010000110000000000
1000011000000000000000000
0100001100000000000000000
0010000110000000000000000
0001000011000000000000000
0000000000100001000011000
0000010000100001000011000
0100001000010000100001100
0000001000010000100001100
0000000000010000100001100
0010000100001000010000110
0000000100001000010000110
0000000000001000010000110
0001000010000100001000011
0000000010000100001000011
0000000000000100001000011
0100001000010000100001111
0000001000010000100001111
0000001000010000100001110
0000000000010000100001110
0010000100001000010000111
0000000100001000010000111
0000000000001000010000111
0000000000000000010000111